0.000000,0.953538
0.057296,0.953546
0.114592,0.953571
0.171887,0.953611
0.229183,0.953664
0.286479,0.953727
0.343775,0.953797
0.401070,0.953870
0.458366,0.953944
0.515662,0.954013
0.572958,0.954075
0.630254,0.954126
0.687549,0.954164
0.744845,0.954186
0.802141,0.954191
0.859437,0.954178
0.916732,0.954146
0.974028,0.954095
1.031324,0.954025
1.088620,0.953938
1.145916,0.953834
1.203211,0.953716
1.260507,0.953584
1.317803,0.953442
1.375099,0.953290
1.432394,0.953131
1.489690,0.952966
1.546986,0.952799
1.604282,0.952631
1.661578,0.952463
1.718873,0.952298
1.776169,0.952138
1.833465,0.951983
1.890761,0.951837
1.948057,0.951701
2.005352,0.951576
2.062648,0.951464
2.119944,0.951366
2.177240,0.951286
2.234535,0.951224
2.291831,0.951182
2.349127,0.951163
2.406423,0.951168
2.463719,0.951199
2.521014,0.951258
2.578310,0.951344
2.635606,0.951456
2.692902,0.951588
2.750197,0.951728
2.807493,0.951847
2.864789,0.951885
2.922085,0.951718
2.979381,0.951074
3.036676,0.949317
3.093972,0.944815
3.151268,0.932756
3.208564,0.895725
3.265859,0.752487
3.323155,0.269691
3.380451,0.432801
3.437747,0.703666
3.495043,0.801477
3.552338,0.843628
3.609634,0.865092
3.666930,0.877043
3.724226,0.883745
3.781521,0.886960
3.838817,0.887245
3.896113,0.884206
3.953409,0.875873
4.010705,0.855470
4.068000,0.790710
4.125296,0.348225
4.182592,0.881145
4.239888,0.948193
4.297183,0.947442
4.354479,0.943969
4.411775,0.941012
4.469071,0.938623
4.526367,0.936598
4.583662,0.934755
4.640958,0.932927
4.698254,0.930937
4.755550,0.928541
4.812845,0.925312
4.870141,0.920345
4.927437,0.911184
4.984733,0.888391
5.042029,0.776984
5.099324,0.545250
5.156620,0.932776
5.213916,0.945807
5.271212,0.946188
5.328507,0.945327
5.385803,0.944458
5.443099,0.943764
5.500395,0.943257
5.557691,0.942924
5.614986,0.942752
5.672282,0.942733
5.729578,0.942861
5.786874,0.943131
5.844170,0.943515
5.901465,0.943940
5.958761,0.944184
6.016057,0.943624
6.073353,0.940417
6.130648,0.928653
6.187944,0.887266
6.245240,0.739229
6.302536,0.360418
6.359832,0.141126
6.417127,0.170523
6.474423,0.143893
6.531719,0.259851
6.589015,0.694253
6.646310,0.885382
6.703606,0.930663
6.760902,0.940306
6.818198,0.941313
6.875494,0.940187
6.932789,0.938656
6.990085,0.937197
7.047381,0.935928
7.104677,0.934857
7.161972,0.933964
7.219268,0.933225
7.276564,0.932615
7.333860,0.932109
7.391156,0.931624
7.448451,0.932068
7.505747,0.931548
7.563043,0.931475
7.620339,0.931565
7.677634,0.931822
7.734930,0.932273
7.792226,0.932955
7.849522,0.933909
7.906818,0.935133
7.964113,0.936437
8.021409,0.936843
8.078705,0.931915
8.136001,0.899781
8.193296,0.726037
8.250592,0.235276
8.307888,0.103986
8.365184,0.099934
8.422480,0.321934
8.479775,0.772593
8.537071,0.904959
8.594367,0.930385
8.651663,0.934307
8.708958,0.933686
8.766254,0.932238
8.823550,0.930865
8.880846,0.929791
8.938142,0.929082
8.995437,0.928801
9.052733,0.929113
9.110029,0.930470
9.167325,0.931373
9.224621,0.868174
9.281916,0.912610
9.339212,0.918095
9.396508,0.920582
9.453804,0.922514
9.511099,0.924552
9.568395,0.926964
9.625691,0.929497
9.682987,0.929112
9.740283,0.902762
9.797578,0.657639
9.854874,0.076390
9.912170,0.147634
9.969466,0.070218
10.026761,0.530106
10.084057,0.869376
10.141353,0.921126
10.198649,0.927637
10.255945,0.926936
10.313240,0.925244
10.370536,0.923769
10.427832,0.922764
10.485128,0.922325
10.542423,0.922643
10.599719,0.924244
10.657015,0.920918
10.714311,0.874598
10.771607,0.905845
10.828902,0.911305
10.886198,0.914276
10.943494,0.916992
11.000790,0.920099
11.058085,0.923249
11.115381,0.920531
11.172677,0.855034
11.229973,0.315663
11.287269,0.074632
11.344564,0.055410
11.401860,0.431577
11.459156,0.857828
11.516452,0.916078
11.573747,0.921416
11.631043,0.919825
11.688339,0.917689
11.745635,0.916039
11.802931,0.915055
11.860226,0.914919
11.917522,0.916398
11.974818,0.901594
12.032114,0.897977
12.089409,0.905807
12.146705,0.908511
12.204001,0.910815
12.261297,0.913537
12.318593,0.916619
12.375888,0.916497
12.433184,0.880319
12.490480,0.528677
12.547776,0.034907
12.605071,0.040542
12.662367,0.576965
12.719663,0.882038
12.776959,0.914328
12.834255,0.914382
12.891550,0.911242
12.948846,0.908436
13.006142,0.906265
13.063438,0.904505
13.120734,0.902146
13.178029,0.908904
13.235325,0.905360
13.292621,0.905301
13.349917,0.906133
13.407212,0.907777
13.464508,0.910155
13.521804,0.911675
13.579100,0.897955
13.636396,0.724186
13.693691,0.055779
13.750987,0.027774
13.808283,0.356204
13.865579,0.869017
13.922874,0.909422
13.980170,0.906024
14.037466,0.900392
14.094762,0.895073
14.152058,0.887861
14.209353,0.856608
14.266649,0.903155
14.323945,0.905020
14.381241,0.902730
14.438536,0.902302
14.495832,0.903148
14.553128,0.904965
14.610424,0.905757
14.667720,0.883456
14.725015,0.456898
14.782311,0.261021
14.839607,0.442112
14.896903,0.011162
14.954198,0.889028
15.011494,0.898113
15.068790,0.884527
15.126086,0.870632
15.183382,0.839349
15.240677,0.255674
15.297973,0.898040
15.355269,0.900982
15.412565,0.898556
15.469860,0.897616
15.527156,0.898127
15.584452,0.899839
15.641748,0.898510
15.699044,0.741178
15.756339,0.581899
15.813635,0.791271
15.870931,0.827262
15.928227,0.847256
15.985522,0.763798
16.042818,0.801999
16.100114,0.771687
16.157410,0.584217
16.214706,0.632128
16.272001,0.893131
16.329297,0.895865
16.386593,0.893207
16.443889,0.891782
16.501184,0.892077
16.558480,0.894337
16.615776,0.874763
16.673072,0.769603
16.730368,0.856596
16.787663,0.872706
16.844959,0.884783
16.902255,0.892300
16.959551,0.524106
17.016847,0.152157
17.074142,0.041080
17.131438,0.676715
17.188734,0.884718
17.246030,0.890707
17.303325,0.886816
17.360621,0.883879
17.417917,0.882760
17.475213,0.885188
17.532509,0.849813
17.589804,0.873752
17.647100,0.877889
17.704396,0.882225
17.761692,0.887342
17.818987,0.877941
17.876283,0.592591
17.933579,0.000305
17.990875,0.132638
18.048171,0.834282
18.105466,0.886143
18.162762,0.878675
18.220058,0.870317
18.277354,0.859373
18.334649,0.736677
18.391945,0.883720
18.449241,0.878986
18.506537,0.878174
18.563833,0.879823
18.621128,0.882824
18.678424,0.869325
18.735720,0.242740
18.793016,0.467611
18.850311,0.527943
18.907607,0.649323
18.964903,0.866046
19.022199,0.837339
19.079495,0.793553
19.136790,0.194070
19.194086,0.874585
19.251382,0.877875
19.308678,0.874812
19.365973,0.874302
19.423269,0.876473
19.480565,0.874334
19.537861,0.270491
19.595157,0.801590
19.652452,0.839583
19.709748,0.866175
19.767044,0.645035
19.824340,0.424730
19.881635,0.288388
19.938931,0.614926
19.996227,0.871636
20.053523,0.872695
20.110819,0.868455
20.168114,0.866711
20.225410,0.869030
20.282706,0.088040
20.340002,0.846951
20.397298,0.857170
20.454593,0.865260
20.511889,0.871460
